20 20
1 1
4 4 4 4 4 9 4 4 4 4 4 4 4 4 4 4 4 4 4 4
4 4 4 4 4 4 4 4 4 4 4 4 4 4 4 4 4 4 4 4
4 4 4 4 4 4 4 4 4 4 4 4 4 4 4 4 4 4 4 4
4 4 4 4 4 4 4 4 4 4 4 4 4 4 4 6 6 4 4 4
4 4 4 4 4 4 4 4 4 4 4 4 4 4 6 6 6 4 4 4
4 4 4 4 8 4 4 4 4 4 4 4 4 4 4 4 4 4 4 4
4 4 4 4 4 4 4 4 4 4 4 4 4 4 4 4 4 4 4 4
4 4 4 4 4 4 4 4 4 4 4 4 4 4 4 4 4 8 4 4
4 4 4 4 4 4 4 4 4 4 4 4 4 4 4 4 4 4 4 4
4 4 4 4 4 4 4 4 4 4 4 4 4 4 4 4 4 4 4 4
4 4 4 4 4 4 4 4 4 4 4 4 4 4 4 4 4 4 4 4
9 4 4 4 4 4 4 4 4 4 4 4 4 4 4 4 4 4 4 4
4 4 4 4 4 4 4 4 4 4 4 4 4 4 4 4 4 4 4 4
4 4 4 4 4 4 4 4 4 4 4 4 4 8 4 4 4 4 4 4
4 4 4 4 4 4 4 4 4 4 4 4 4 4 4 4 4 4 4 4
4 4 5 5 4 4 4 4 4 4 4 4 4 4 4 4 4 4 4 4
4 4 5 5 4 4 4 4 4 4 4 4 4 4 4 4 9 9 4 4
4 4 4 5 4 4 4 4 4 4 4 4 4 4 4 9 9 9 4 4
4 4 4 4 4 4 4 4 4 7 4 4 4 4 4 9 9 9 4 4
4 4 4 4 4 4 4 4 4 4 9 4 4 4 4 4 4 4 4 4